Acurácia Final: 90.5000%
Perda Final: 0.3570

              precision    recall  f1-score   support

   Acontecer     0.8182    0.9000    0.8571        10
       Aluno     1.0000    0.4000    0.5714        10
     Amarelo     1.0000    1.0000    1.0000        10
     America     0.9091    1.0000    0.9524        10
  Aproveitar     1.0000    0.9000    0.9474        10
        Bala     0.9091    1.0000    0.9524        10
       Banco     1.0000    1.0000    1.0000        10
    Banheiro     0.8182    0.9000    0.8571        10
     Barulho     1.0000    1.0000    1.0000        10
       Cinco     1.0000    1.0000    1.0000        10
    Conhecer     1.0000    0.9000    0.9474        10
     Espelho     1.0000    1.0000    1.0000        10
     Esquina     1.0000    1.0000    1.0000        10
       Filho     0.8333    0.5000    0.6250        10
        Maca     1.0000    1.0000    1.0000        10
        Medo     0.6154    0.8000    0.6957        10
        Ruim     1.0000    1.0000    1.0000        10
        Sapo     0.9091    1.0000    0.9524        10
      Vacina     0.6667    0.8000    0.7273        10
     Vontade     0.8333    1.0000    0.9091        10

    accuracy                         0.9050       200
   macro avg     0.9156    0.9050    0.8997       200
weighted avg     0.9156    0.9050    0.8997       200
