Final Accuracy: 92.5000%
Final Loss: 0.2629

              precision    recall  f1-score   support

   Acontecer     1.0000    0.6000    0.7500        10
       Aluno     1.0000    0.5000    0.6667        10
     Amarelo     1.0000    1.0000    1.0000        10
     America     1.0000    1.0000    1.0000        10
  Aproveitar     1.0000    1.0000    1.0000        10
        Bala     1.0000    1.0000    1.0000        10
       Banco     1.0000    1.0000    1.0000        10
    Banheiro     0.9000    0.9000    0.9000        10
     Barulho     1.0000    1.0000    1.0000        10
       Cinco     1.0000    1.0000    1.0000        10
    Conhecer     1.0000    1.0000    1.0000        10
     Espelho     1.0000    1.0000    1.0000        10
     Esquina     0.7143    1.0000    0.8333        10
       Filho     1.0000    0.5000    0.6667        10
        Maca     1.0000    1.0000    1.0000        10
        Medo     0.6667    1.0000    0.8000        10
        Ruim     1.0000    1.0000    1.0000        10
        Sapo     0.9091    1.0000    0.9524        10
      Vacina     0.7143    1.0000    0.8333        10
     Vontade     1.0000    1.0000    1.0000        10

    accuracy                         0.9250       200
   macro avg     0.9452    0.9250    0.9201       200
weighted avg     0.9452    0.9250    0.9201       200
